94120 YPDN Darwin Airport Observations at 12Z 02 Jul 2018
-----------------------------------------------------------------------------
   PRES   HGHT   TEMP   DWPT   RELH   MIXR   DRCT   SKNT   THTA   THTE   THTV
    hPa     m      C      C      %    g/kg    deg   knot     K      K      K
-----------------------------------------------------------------------------
 1009.0     30   26.6   19.6     65  14.44    160      2  299.0  341.3  301.6
 1004.0     73   28.8   17.8     51  12.94    149      3  301.6  340.0  303.9
 1000.0    108   28.8   17.8     51  12.99    140      4  301.9  340.6  304.3
  986.0    234   29.0   16.1     46  11.82    125     10  303.4  338.8  305.5
  985.0    243   29.0   16.0     45  11.74    125     10  303.5  338.6  305.6
  925.0    799   25.0   13.0     47  10.27    120     20  304.9  335.9  306.8
  910.0    941   23.7   12.7     50  10.20    120     22  304.9  335.8  306.8
  850.0   1534   18.2   11.2     64   9.92    125     22  305.2  335.2  307.0
  801.0   2037   13.4    9.9     79   9.68    130     21  305.4  334.7  307.1
  777.0   2295   11.0    9.3     89   9.55    117     26  305.4  334.3  307.1
  765.0   2425   10.3    7.4     82   8.49    110     28  306.0  331.8  307.5
  764.0   2436   10.2    7.2     82   8.41    110     28  306.0  331.6  307.6
  748.0   2612   11.2    0.2     47   5.22    117     21  308.9  325.4  309.9
  742.0   2679   11.0   -1.0     43   4.83    120     19  309.4  324.7  310.4
  711.0   3034   10.0   -7.1     29   3.16     85     12  312.1  322.4  312.7
  700.0   3164    9.6   -9.4     25   2.69     95      8  313.1  322.0  313.6
  698.0   3188    9.5   -9.7     25   2.65     95      8  313.3  322.0  313.8
  689.0   3295    9.2  -10.8     23   2.45    120     10  314.1  322.2  314.5
  687.0   3319    9.0  -11.4     22   2.35    125     10  314.1  322.0  314.6
  622.0   4135    3.6  -30.4      6   0.49     96     23  317.0  318.8  317.1
  620.0   4161    3.6  -31.3      6   0.46     95     23  317.2  318.9  317.3
  587.0   4605    2.8  -46.2      1   0.10    114     42  321.3  321.7  321.3
  585.0   4632    2.6  -46.1      1   0.11    115     43  321.4  321.8  321.4
  534.0   5362   -3.7  -43.7      3   0.15    133     27  322.4  322.9  322.4
  530.0   5421   -3.9  -44.5      3   0.14    135     26  322.8  323.3  322.8
  514.0   5663   -4.9  -47.7      2   0.10    150     35  324.4  324.8  324.4
  505.0   5802   -5.5  -49.5      2   0.08    150     33  325.3  325.7  325.4
  500.0   5880   -5.3  -52.3      1   0.06    150     32  326.5  326.8  326.5
  483.0   6151   -6.1  -55.1      1   0.04    146     37  328.8  329.0  328.8
  460.0   6525   -9.3  -54.4      1   0.05    140     45  329.4  329.6  329.4
  416.0   7296  -15.9  -52.9      3   0.07    136     43  330.5  330.8  330.5
  404.0   7515  -16.8  -54.5      2   0.06    135     43  332.1  332.4  332.1
  400.0   7590  -17.1  -55.1      2   0.05    135     39  332.7  332.9  332.7
  391.0   7760  -17.3  -56.3      2   0.05    134     33  334.6  334.8  334.6
  370.0   8162  -20.0  -58.8      2   0.04    130     17  336.4  336.5  336.4
  360.0   8362  -21.3  -60.0      2   0.03    140     11  337.2  337.4  337.2
  342.0   8736  -23.8  -62.3      2   0.03    225     10  338.8  339.0  338.9
  332.0   8952  -25.2  -63.6      1   0.02    205     11  339.8  339.9  339.8
  315.0   9335  -27.7  -65.9      1   0.02    245      5  341.4  341.4  341.4
  300.0   9690  -30.1  -68.1      1   0.01    260      9  342.8  342.9  342.8
  298.0   9737  -30.4  -68.1      1   0.01    260     10  343.1  343.2  343.1
  278.0  10226  -33.3  -68.3      2   0.01    236     11  345.8  345.8  345.8
  262.0  10636  -36.6  -68.9      2   0.01    215     12  346.8  346.8  346.8
  251.0  10932  -39.1  -69.3      3   0.01    235     16  347.4  347.5  347.4
  250.0  10960  -39.3  -69.3      3   0.01    235     16  347.5  347.6  347.5
  234.0  11408  -43.6  -70.6      3   0.01    230     16  347.6  347.6  347.6
  224.0  11704  -46.5  -71.5      4   0.01    259     17  347.5  347.6  347.5
  222.0  11763  -47.0  -71.5      4   0.01    265     17  347.7  347.8  347.7
  210.0  12129  -49.8  -71.4      6   0.01    280     26  348.8  348.9  348.9
  200.0  12450  -52.3  -71.3      8   0.01    275     29  349.8  349.9  349.8
  198.0  12515  -52.7  -70.7     10   0.01    274     29  350.2  350.2  350.2
  166.0  13624  -62.3  -78.3     10   0.01    256     30  352.2  352.2  352.2
  152.0  14160  -67.1  -77.1     23   0.01    246     30  353.0  353.0  353.0
  150.0  14240  -67.9  -75.9     31   0.01    245     30  352.9  353.0  352.9
  142.0  14568  -70.3  -75.3     48   0.01    237     34  354.3  354.4  354.3
  121.0  15491  -77.4  -82.4     45   0.00    215     44  357.8  357.9  357.8
  110.0  16041  -81.7  -86.6     44   0.00    215     30  359.7  359.7  359.7
  109.0  16094  -82.1  -87.0     43   0.00    210     29  359.9  359.9  359.9
  100.0  16580  -79.1  -87.1     26   0.00    165     18  374.6  374.7  374.6
   97.0  16755  -78.2  -87.5     21   0.00    145     10  379.6  379.6  379.6
   95.0  16875  -77.7  -87.8     18   0.00     85      5  383.0  383.0  383.0
   82.5  17688  -73.7  -89.7      7   0.00    173      9  406.8  406.9  406.8
   81.0  17794  -74.3  -90.1      7   0.00    185     10  407.8  407.8  407.8
   73.3  18372  -77.3  -92.3      8   0.00    353      0  413.2  413.2  413.2
   73.0  18395  -76.7  -92.1      7   0.00      0      0  415.0  415.0  415.0
   71.0  18557  -72.5  -91.1      5   0.00    170     10  427.1  427.2  427.1
   70.7  18581  -71.9  -90.9      4   0.00    174     10  429.0  429.0  429.0
   70.0  18640  -72.1  -91.1      4   0.00    185     10  429.8  429.8  429.8
   69.0  18725  -71.8  -92.2      3   0.00    195     12  432.2  432.2  432.2
   68.6  18759  -71.7  -92.7      3   0.00    191     12  433.2  433.2  433.2
   68.0  18812  -70.8  -92.7      3   0.00    185     12  436.1  436.1  436.1
   66.0  18993  -67.9  -92.7      2   0.00    130     12  446.2  446.2  446.2
   62.6  19312  -62.7  -92.7      1   0.00    107     16  464.5  464.5  464.5
   57.0  19883  -67.7  -92.3      2   0.00     65     23  465.7  465.7  465.7
   56.4  19947  -68.3  -92.3      2   0.00     65     20  465.8  465.8  465.8
   56.0  19990  -68.3  -92.3      2   0.00     65     18  466.7  466.7  466.7
   54.0  20208  -68.5  -92.5      2   0.00    115     16  471.1  471.1  471.1
   52.3  20400  -68.7  -92.7      2   0.00    115     18  475.0  475.1  475.0
   50.0  20670  -68.1  -93.1      2   0.00    115     21  482.6  482.6  482.6
   49.0  20793  -67.4  -93.0      2   0.00    120     22  487.1  487.1  487.1
   48.0  20918  -66.7  -92.9      1   0.00    110     27  491.6  491.6  491.6
   47.0  21046  -66.0  -92.8      1   0.00    100     24  496.4  496.4  496.4
   45.0  21310  -64.4  -92.6      1   0.00    105     22  506.2  506.2  506.2
   43.8  21474  -63.5  -92.5      1   0.00     99     28  512.4  512.5  512.4
   41.5  21809  -58.1  -91.1      1   0.00     88     39  533.8  533.8  533.8
   41.0  21885  -58.6  -91.1      1   0.00     85     42  534.4  534.4  534.4
   39.0  22197  -60.8  -91.1      1   0.00     85     37  536.6  536.6  536.6
   38.7  22246  -61.1  -91.1      1   0.00     89     37  537.0  537.0  537.0
   37.0  22529  -60.0  -90.8      1   0.00    110     38  546.8  546.8  546.8
   35.0  22879  -58.6  -90.5      1   0.00     95     39  559.2  559.2  559.2
   32.0  23443  -56.3  -90.0      1   0.00    105     41  579.7  579.8  579.7
   30.0  23850  -54.7  -89.7      1   0.00     80     37  594.9  595.0  594.9
   26.1  24749  -50.3  -87.3      1   0.01     91     37  631.5  631.6  631.5
   25.4  24927  -50.7  -86.7      1   0.01     94     37  635.3  635.4  635.3
   25.0                                        95     37
Station information and sounding indices
                         Station identifier: YPDN
                             Station number: 94120
                           Observation time: 180702/1200
                           Station latitude: -12.42
                          Station longitude: 130.89
                          Station elevation: 30.0
                            Showalter index: 3.63
                               Lifted index: 2.14
    LIFT computed using virtual temperature: 1.44
                                SWEAT index: 210.41
                                    K index: 15.70
                         Cross totals index: 16.50
                      Vertical totals index: 23.50
                        Totals totals index: 40.00
      Convective Available Potential Energy: 1.73
             CAPE using virtual temperature: 4.89
                      Convective Inhibition: -95.66
             CINS using virtual temperature: -78.39
                           Equilibrum Level: 760.65
 Equilibrum Level using virtual temperature: 530.61
                   Level of Free Convection: 781.47
             LFCT using virtual temperature: 786.34
                     Bulk Richardson Number: 0.10
          Bulk Richardson Number using CAPV: 0.28
  Temp [K] of the Lifted Condensation Level: 286.58
Pres [hPa] of the Lifted Condensation Level: 822.44
     Mean mixed layer potential temperature: 303.06
              Mean mixed layer mixing ratio: 11.95
              1000 hPa to 500 hPa thickness: 5772.00
Precipitable water [mm] for entire sounding: 30.62
94120 YPDN Darwin Airport Observations at 00Z 03 Jul 2018
-----------------------------------------------------------------------------
   PRES   HGHT   TEMP   DWPT   RELH   MIXR   DRCT   SKNT   THTA   THTE   THTV
    hPa     m      C      C      %    g/kg    deg   knot     K      K      K
-----------------------------------------------------------------------------
 1012.0     30   24.2   15.2     57  10.84    130     10  296.3  327.9  298.3
 1000.0    131   22.8   15.8     65  11.41    125     11  295.9  329.1  298.0
  992.0    201   22.2   15.2     65  11.06    119     16  296.0  328.2  298.0
  972.0    379   23.6   14.6     57  10.86    102     27  299.2  331.2  301.1
  969.0    406   23.6   14.4     57  10.78    100     29  299.4  331.2  301.4
  950.0    579   23.4   13.4     53  10.27    106     38  300.9  331.4  302.8
  936.0    708   22.2   13.3     57  10.35    110     44  301.0  331.7  302.8
  925.0    811   21.2   13.2     60  10.41    115     41  301.0  331.9  302.9
  861.0   1428   16.0   11.2     73   9.79    102     38  301.8  331.0  303.6
  850.0   1537   15.4    9.4     67   8.78    100     38  302.3  328.6  303.9
  837.0   1668   15.0    5.0     51   6.57     96     40  303.2  323.2  304.4
  833.0   1708   15.2    3.2     45   5.83     95     40  303.8  321.8  304.9
  827.0   1770   15.6    0.6     36   4.86     97     37  304.9  320.0  305.8
  786.0   2196   12.3   -0.2     42   4.82    115     18  305.7  320.8  306.6
  767.0   2402   10.7   -0.6     46   4.80     95     12  306.1  321.1  307.0
  748.0   2612    9.0   -1.0     50   4.78     76      7  306.6  321.5  307.4
  737.0   2735    8.4   -4.2     41   3.81     65      4  307.2  319.3  307.9
  719.0   2939    7.4   -9.6     29   2.58     91      6  308.3  316.7  308.8
  700.0   3160    9.0  -29.0      5   0.50    120      9  312.4  314.2  312.5
  697.0   3195    9.2  -30.4      4   0.44    105     10  313.0  314.6  313.1
  696.0   3207    9.2  -30.8      4   0.42    103     10  313.1  314.7  313.2
  687.0   3314    8.4  -31.6      4   0.40     85     14  313.4  314.9  313.5
  659.0   3655    5.7  -34.3      4   0.32    115     15  314.1  315.3  314.2
  656.0   3693    5.4  -34.6      4   0.31    115     16  314.2  315.4  314.3
  640.0   3894    6.2  -42.8      1   0.14    114     21  317.3  317.9  317.4
  590.0   4552    1.0  -48.0      1   0.08    112     36  318.8  319.1  318.8
  553.0   5070    0.2  -48.8      1   0.08    110     49  323.8  324.2  323.8
  551.0   5099    0.2  -48.8      1   0.08    110     49  324.1  324.4  324.1
  506.0   5775   -3.3  -46.9      2   0.11    115     53  327.8  328.3  327.9
  501.0   5854   -3.7  -46.7      2   0.11    119     52  328.3  328.8  328.3
  500.0   5870   -3.9  -44.9      2   0.14    120     52  328.2  328.8  328.2
  454.0   6615  -11.0  -43.8      5   0.17    125     50  328.5  329.2  328.6
  434.0   6963  -14.3  -43.3      7   0.19    121     57  328.6  329.4  328.6
  431.0   7016  -14.2  -46.9      4   0.13    120     58  329.4  329.9  329.4
  426.0   7104  -13.9  -52.9      2   0.07    116     54  330.8  331.1  330.8
  417.0   7266  -14.5  -55.2      2   0.05    110     48  332.1  332.3  332.1
  400.0   7580  -15.7  -59.7      1   0.03    120     38  334.5  334.6  334.5
  386.0   7848  -16.7  -60.0      1   0.03    125     34  336.6  336.8  336.6
  380.0   7966  -17.1  -60.1      1   0.03    128     35  337.6  337.7  337.6
  367.0   8224  -18.8  -60.6      1   0.03    135     38  338.6  338.8  338.6
  329.0   9034  -24.3  -62.3      2   0.03    135     33  341.9  342.0  341.9
  300.0   9700  -29.7  -63.7      2   0.02    135     28  343.4  343.5  343.4
  288.0   9984  -32.2  -64.6      2   0.02    130     23  343.9  344.0  343.9
  250.0  10970  -40.9  -67.9      4   0.02    155     18  345.1  345.2  345.1
  239.0  11273  -43.8  -68.1      5   0.02    170     20  345.2  345.3  345.2
  238.0  11301  -44.1  -68.1      5   0.02    171     19  345.2  345.3  345.2
  229.0  11553  -46.2  -68.8      6   0.02    180     10  345.8  345.9  345.8
  225.0  11669  -47.1  -69.2      6   0.02    210      5  346.1  346.2  346.1
  209.0  12152  -51.1  -70.6      8   0.01    210     11  347.3  347.3  347.3
  205.0  12278  -52.2  -71.0      9   0.01    275     10  347.5  347.6  347.5
  202.0  12375  -53.0  -71.3      9   0.01    285     15  347.8  347.8  347.8
  200.0  12440  -53.5  -71.5      9   0.01    275     15  347.9  347.9  347.9
  198.0  12504  -54.1  -71.7     10   0.01    265     14  347.9  348.0  347.9
  191.0  12735  -56.3  -72.3     12   0.01    256     15  348.0  348.1  348.0
  186.0  12900  -57.6  -72.9     13   0.01    250     16  348.5  348.5  348.5
  160.0  13835  -65.3  -76.2     21   0.01    250     33  350.9  350.9  350.9
  155.0  14032  -66.9  -76.9     23   0.01    238     34  351.3  351.4  351.3
  150.0  14230  -68.5  -77.5     26   0.01    225     35  351.9  351.9  351.9
  129.0  15120  -74.9  -79.8     47   0.01    199     37  355.9  355.9  355.9
  122.0  15442  -76.4  -83.0     35   0.00    190     38  358.8  358.8  358.8
  120.0  15537  -76.9  -83.9     32   0.00    185     34  359.7  359.7  359.7
  117.0  15683  -75.3  -84.3     24   0.00    176     27  365.2  365.2  365.2
  113.0  15882  -76.5  -84.7     27   0.00    165     18  366.6  366.6  366.6
  100.0  16580  -80.9  -85.9     43   0.00     85      6  371.2  371.2  371.2
   98.7  16654  -81.1  -87.1     36   0.00     80      7  372.2  372.2  372.2
   91.0  17120  -78.0  -88.5     17   0.00    215     10  387.0  387.0  387.0
   87.0  17379  -76.3  -89.2     12   0.00    170     15  395.4  395.4  395.4
   85.0  17512  -75.5  -89.6     10   0.00    165     10  399.8  399.8  399.8
   79.0  17933  -72.7  -90.8      5   0.00     90      2  413.9  413.9  413.9
   77.7  18028  -72.1  -91.1      4   0.00     56      5  417.2  417.2  417.2
   76.0  18158  -72.9  -91.4      5   0.00     10     10  418.2  418.2  418.2
   74.0  18314  -73.8  -91.9      5   0.00     10     11  419.4  419.5  419.4
   73.8  18330  -73.9  -91.9      5   0.00     17     11  419.6  419.6  419.6
   70.0  18640  -70.7  -91.7      3   0.00    160     12  432.8  432.8  432.8
   69.0  18727  -70.2  -91.8      3   0.00    165     14  435.7  435.7  435.7
   68.0  18816  -69.7  -91.8      3   0.00    155     12  438.6  438.6  438.6
   64.0  19184  -67.5  -92.0      2   0.00    100      4  451.0  451.0  451.0
   59.0  19678  -64.7  -92.3      1   0.00    140     17  468.0  468.0  468.0
   55.5  20049  -62.5  -92.5      1   0.00    121     26  481.2  481.2  481.2
   52.2  20426  -64.9  -92.9      1   0.00    101     34  484.1  484.1  484.1
   52.0  20450  -64.8  -92.8      1   0.00    100     35  484.8  484.8  484.8
   50.0  20690  -64.1  -92.1      1   0.00     75     34  492.0  492.0  492.0
   48.2  20913  -64.1  -92.1      1   0.00     78     29  497.2  497.2  497.2
   47.0  21068  -62.2  -92.1      1   0.00     80     26  505.3  505.3  505.3
   45.7  21241  -60.1  -92.1      1   0.00     82     28  514.5  514.5  514.5
   42.0  21762  -61.9  -91.8      1   0.00     90     33  522.5  522.6  522.5
   41.0  21911  -62.4  -91.7      1   0.00     80     38  524.9  524.9  524.9
   40.5  21987  -62.7  -91.7      1   0.00     81     38  526.0  526.1  526.0
   37.3  22497  -58.3  -91.3      1   0.00     89     37  549.8  549.8  549.8
   33.0  23269  -56.6  -90.2      1   0.00    100     35  573.9  573.9  573.9
   30.0  23870  -55.3  -89.3      1   0.00     75     34  593.3  593.3  593.3
   27.8  24358  -54.3  -89.3      1   0.00     91     37  609.1  609.2  609.1
   26.0  24786  -54.9  -89.5      1   0.01    105     39  619.1  619.1  619.1
   24.0  25298  -55.7  -89.7      1   0.01     93     41  631.2  631.2  631.2
   22.0  25859  -51.0  -87.8      1   0.01     80     44  661.2  661.3  661.2
   21.9  25888  -50.7  -87.7      1   0.01     80     43  662.8  662.9  662.8
   20.0  26480  -50.7  -87.7      1   0.01     85     33  680.2  680.3  680.2
   19.0  26815  -50.6  -87.6      1   0.01     75     28  690.7  690.8  690.7
   18.0  27168  -50.4  -87.4      1   0.01     95     21  701.9  702.0  701.9
   17.0  27541  -50.3  -87.3      1   0.01     80     11  713.9  714.1  713.9
   16.0  27936  -50.1  -87.1      1   0.01      0      0  726.9  727.1  726.9
   15.0  28357  -49.9  -86.9      1   0.01     65     10  741.0  741.2  741.0
   14.0  28808  -49.8  -86.8      1   0.02    100     10  756.4  756.6  756.4
   13.7  28949  -49.7  -86.7      1   0.02     96     11  761.3  761.5  761.3
   13.0  29297  -48.0  -85.8      1   0.02     85     12  778.6  778.9  778.6
   12.0  29828  -45.4  -84.5      0   0.03    215     10  805.7  806.1  805.8
   11.3  30226  -43.5  -83.5      0   0.03    246     11  826.7  827.1  826.7
   11.0                                       260     12
Station information and sounding indices
                         Station identifier: YPDN
                             Station number: 94120
                           Observation time: 180703/0000
                           Station latitude: -12.42
                          Station longitude: 130.89
                          Station elevation: 30.0
                            Showalter index: 8.10
                               Lifted index: 7.57
    LIFT computed using virtual temperature: 7.09
                                SWEAT index: 240.79
                                    K index: -9.30
                         Cross totals index: 13.30
                      Vertical totals index: 19.30
                        Totals totals index: 32.60
      Convective Available Potential Energy: 0.00
             CAPE using virtual temperature: 0.00
                      Convective Inhibition: 0.00
             CINS using virtual temperature: 0.00
                     Bulk Richardson Number: 0.00
          Bulk Richardson Number using CAPV: 0.00
  Temp [K] of the Lifted Condensation Level: 286.15
Pres [hPa] of the Lifted Condensation Level: 870.67
     Mean mixed layer potential temperature: 297.72
              Mean mixed layer mixing ratio: 10.94
              1000 hPa to 500 hPa thickness: 5739.00
Precipitable water [mm] for entire sounding: 24.54

94120 YPDN Darwin Airport Observations at 12Z 03 Jul 2018
-----------------------------------------------------------------------------
   PRES   HGHT   TEMP   DWPT   RELH   MIXR   DRCT   SKNT   THTA   THTE   THTV
    hPa     m      C      C      %    g/kg    deg   knot     K      K      K
-----------------------------------------------------------------------------
 1009.0     30   26.2   18.2     61  13.21    175      2  298.6  337.2  300.9
 1008.0     39   26.0   19.0     65  13.91    169      2  298.5  339.2  301.0
 1000.0    111   27.2   18.2     58  13.33    125      4  300.4  339.7  302.8
  985.0    245   28.0   16.0     48  11.74     97     10  302.4  337.5  304.6
  984.0    254   28.0   15.9     48  11.68     95     10  302.5  337.4  304.6
  951.0    556   26.6   12.6     42   9.73    109     18  304.1  333.4  305.9
  948.0    584   26.4   12.5     42   9.67    110     19  304.1  333.3  305.9
  925.0    800   24.4   11.4     44   9.23    120     18  304.2  332.2  305.9
  912.0    923   23.2   11.1     46   9.15    125     17  304.3  332.0  306.0
  850.0   1532   17.4    9.4     59   8.78    130     18  304.4  330.9  306.0
  779.0   2267   10.2    8.1     87   8.78    130     15  304.3  330.8  305.9
  768.0   2387    9.0    7.9     93   8.78    140     13  304.2  330.8  305.9
  764.0   2430    9.0    6.2     83   7.84    144     13  304.7  328.6  306.1
  760.0   2474   10.2   -3.8     37   3.82    148     12  306.5  318.6  307.2
  758.0   2496   10.4   -4.3     35   3.67    150     12  306.9  318.6  307.6
  749.0   2595   11.2   -6.8     28   3.08    135     10  308.8  318.8  309.4
  746.0   2629   11.1   -8.4     25   2.74    130      9  309.1  318.0  309.6
  739.0   2707   10.8  -12.1     19   2.06    115     10  309.6  316.4  310.0
  707.0   3075    9.6  -29.4      5   0.48    107     22  312.2  313.9  312.3
  701.0   3145    9.1  -29.9      4   0.46    105     24  312.4  314.1  312.5
  700.0   3157    9.0  -30.0      4   0.46    105     24  312.4  314.1  312.5
  651.0   3748    4.4  -17.5     19   1.50     60     21  313.8  318.9  314.0
  627.0   4054    2.0  -11.0     38   2.65     75     28  314.4  323.2  314.9
  621.0   4132    1.4  -15.6     27   1.84     78     30  314.6  320.8  314.9
  616.0   4197    2.6  -32.4      6   0.41     82     32  316.7  318.2  316.8
  603.0   4368    2.2  -36.1      4   0.29     90     36  318.1  319.3  318.2
  562.0   4934    0.8  -48.2      1   0.09     98     50  323.0  323.3  323.0
  552.0   5076   -0.0  -48.6      1   0.08    100     54  323.7  324.0  323.7
  518.0   5581   -2.9  -50.2      1   0.08    115     53  326.1  326.5  326.2
  511.0   5689   -3.5  -50.5      1   0.07    113     52  326.7  327.0  326.7
  500.0   5860   -5.1  -42.1      4   0.19    110     51  326.8  327.5  326.8
  471.0   6327   -9.7  -43.7      4   0.17    107     53  326.7  327.4  326.7
  449.0   6696  -11.4  -50.6      2   0.08    105     55  329.1  329.4  329.1
  442.0   6817  -11.9  -52.9      2   0.06    103     49  329.9  330.2  329.9
  436.0   6922  -11.5  -56.5      1   0.04    101     45  331.7  331.9  331.7
  417.0   7262  -13.4  -58.9      1   0.03     95     29  333.5  333.7  333.6
  400.0   7580  -15.1  -61.1      1   0.03    115     37  335.3  335.4  335.3
  378.0   8002  -17.4  -61.4      1   0.03    140     44  337.6  337.8  337.6
  358.0   8408  -19.7  -61.7      1   0.03    149     39  339.9  340.0  339.9
  356.0   8449  -20.1  -61.9      1   0.03    150     38  340.0  340.1  340.0
  326.0   9093  -25.5  -65.5      1   0.02    143     42  341.1  341.2  341.1
  321.0   9204  -25.3  -67.3      1   0.01    142     43  342.9  343.0  342.9
  314.0   9363  -26.5  -67.6      1   0.01    140     44  343.4  343.4  343.4
  300.0   9690  -29.1  -68.1      1   0.01    140     36  344.2  344.3  344.2
  287.0  10001  -31.8  -68.8      1   0.01    135     26  344.8  344.9  344.8
  250.0  10970  -40.1  -71.1      2   0.01    135     30  346.3  346.4  346.3
  211.0  12095  -50.5  -72.5      6   0.01    146     36  347.3  347.3  347.3
  200.0  12440  -53.1  -73.1      7   0.01    150     38  348.5  348.6  348.5
  181.0  13076  -58.2  -75.1     10   0.01    155     43  350.2  350.2  350.2
  176.0  13255  -59.7  -75.7     11   0.01    149     39  350.6  350.7  350.6
  152.0  14158  -66.8  -76.4     25   0.01    115     21  353.4  353.4  353.4
  150.0  14240  -67.5  -76.5     27   0.01    115     22  353.6  353.7  353.6
  133.0  14949  -73.0  -79.1     39   0.01    110     22  356.1  356.1  356.1
  125.0  15315  -75.9  -80.5     48   0.00    138     23  357.3  357.3  357.3
  123.0  15407  -76.3  -81.2     46   0.00    145     23  358.2  358.3  358.2
  116.0  15744  -77.7  -83.7     38   0.00    145     25  361.7  361.7  361.7
  115.0  15793  -77.5  -83.9     35   0.00    145     25  362.9  362.9  362.9
  111.0  15996  -76.9  -84.9     27   0.00    122     22  367.8  367.8  367.8
  109.0  16100  -77.5  -85.0     29   0.00    110     20  368.5  368.5  368.5
  100.0  16590  -80.5  -85.5     43   0.00    110     19  371.9  372.0  371.9
   98.0  16703  -81.3  -86.3     43   0.00    115     17  372.6  372.6  372.6
   92.0  17068  -78.4  -87.7     21   0.00    140     18  385.1  385.1  385.1
   90.0  17195  -77.4  -88.2     17   0.00    130     13  389.5  389.5  389.5
   87.0  17391  -75.8  -88.9     11   0.00     75     12  396.5  396.5  396.5
   85.0  17525  -74.7  -89.4      9   0.00    170      1  401.3  401.3  401.3
   82.0  17733  -73.1  -90.2      6   0.00    180     10  408.8  408.8  408.8
   80.0  17876  -72.0  -90.7      5   0.00    160     14  414.0  414.0  414.0
   77.0  18096  -70.2  -91.6      3   0.00    200     11  422.2  422.2  422.2
   75.2  18233  -69.1  -92.1      2   0.00    142     10  427.4  427.4  427.4
   75.0  18249  -69.1  -92.1      2   0.00    135     10  427.7  427.7  427.7
   72.0  18492  -69.0  -92.0      2   0.00     80     20  433.0  433.0  433.0
   70.0  18660  -68.9  -91.9      2   0.00     65     27  436.6  436.7  436.6
   67.4  18887  -67.9  -92.9      2   0.00     74     15  443.6  443.6  443.6
   67.0  18922  -68.0  -92.9      2   0.00     75     13  444.0  444.0  444.0
   65.0  19103  -68.8  -92.7      2   0.00     60     12  446.3  446.3  446.3
   64.0  19196  -69.1  -92.6      2   0.00     60     10  447.5  447.5  447.5
   63.0  19290  -69.5  -92.5      2   0.00     80      8  448.7  448.7  448.7
   62.0  19386  -69.3  -92.7      2   0.00    105     11  451.2  451.2  451.2
   60.4  19542  -68.9  -92.9      2   0.00    113     13  455.4  455.4  455.4
   60.0  19582  -68.2  -93.0      2   0.00    115     14  458.0  458.0  458.0
   58.0  19787  -64.3  -93.3      1   0.00     85     22  471.1  471.1  471.1
   55.0  20110  -64.9  -93.0      1   0.00     80     29  477.0  477.0  477.0
   53.0  20335  -65.3  -92.9      1   0.00     70     27  481.1  481.1  481.1
   51.2  20546  -65.7  -92.7      1   0.00     73     22  484.9  485.0  484.9
   50.0  20690  -64.7  -92.7      1   0.00     75     18  490.6  490.6  490.6
   49.0  20814  -64.1  -92.6      1   0.00     80     15  494.9  494.9  494.9
   45.9  21215  -62.1  -92.1      1   0.00     80     21  509.0  509.0  509.0
   44.0  21474  -62.9  -92.1      1   0.00     80     25  513.2  513.2  513.2
   42.0  21760  -63.8  -92.1      1   0.00    100     25  517.8  517.9  517.8
   41.4  21848  -64.1  -92.1      1   0.00     99     24  519.3  519.3  519.3
   40.0  22061  -60.0  -91.7      1   0.00     95     23  534.7  534.7  534.7
   39.9  22076  -59.7  -91.7      1   0.00     97     23  535.8  535.8  535.8
   39.0  22219  -60.2  -91.2      1   0.00    115     25  538.1  538.2  538.1
   38.0  22380  -60.7  -90.7      1   0.00    110     25  540.8  540.8  540.8
   34.5  22992  -52.9  -88.9      1   0.00     93     27  576.3  576.4  576.4
   34.0  23085  -53.0  -88.9      1   0.00     90     27  578.5  578.6  578.5
   31.0  23679  -53.5  -88.8      1   0.00    105     30  592.6  592.6  592.6
   30.0  23890  -53.7  -88.7      1   0.01    100     30  597.6  597.7  597.6
   24.6  25165  -55.5  -89.5      1   0.01    103     33  627.3  627.4  627.3
   21.0  26193  -50.5  -87.5      1   0.01    105     36  671.5  671.6  671.5
   20.0  26510  -48.9  -86.9      0   0.01    100     35  685.7  685.8  685.7
   19.2  26778  -48.7  -86.7      0   0.01     96     31  694.4  694.5  694.4
   19.0                                        95     30
Station information and sounding indices
                         Station identifier: YPDN
                             Station number: 94120
                           Observation time: 180703/1200
                           Station latitude: -12.42
                          Station longitude: 130.89
                          Station elevation: 30.0
                            Showalter index: 5.78
                               Lifted index: 3.14
    LIFT computed using virtual temperature: 2.51
                                SWEAT index: 199.80
                                    K index: -7.10
                         Cross totals index: 14.50
                      Vertical totals index: 22.50
                        Totals totals index: 37.00
      Convective Available Potential Energy: 7.14
             CAPE using virtual temperature: 19.84
                      Convective Inhibition: -101.92
             CINS using virtual temperature: -78.55
                           Equilibrum Level: 620.68
 Equilibrum Level using virtual temperature: 617.44
                   Level of Free Convection: 789.79
             LFCT using virtual temperature: 796.29
                     Bulk Richardson Number: 0.30
          Bulk Richardson Number using CAPV: 0.83
  Temp [K] of the Lifted Condensation Level: 286.39
Pres [hPa] of the Lifted Condensation Level: 829.90
     Mean mixed layer potential temperature: 302.08
              Mean mixed layer mixing ratio: 11.74
              1000 hPa to 500 hPa thickness: 5749.00
Precipitable water [mm] for entire sounding: 26.82
Description of the data columns or sounding indices.


Interested in graduate studies in atmospheric science? Check out our program at the University of Wyoming
Questions about the weather data provided by this site can be addressed to Larry Oolman (ldoolman@uwyo.edu)

94120 YPDN Darwin Airport Observations at 00Z 04 Jul 2018
-----------------------------------------------------------------------------
   PRES   HGHT   TEMP   DWPT   RELH   MIXR   DRCT   SKNT   THTA   THTE   THTV
    hPa     m      C      C      %    g/kg    deg   knot     K      K      K
-----------------------------------------------------------------------------
 1011.0     30   24.2   14.2     54  10.16    125      8  296.4  326.1  298.2
 1004.0     92   23.7   13.7     53   9.90    130     11  296.5  325.4  298.3
 1000.0    127   23.4   13.4     53   9.75    120     16  296.6  325.0  298.3
  999.0    136   23.2   13.2     53   9.63    118     17  296.4  324.6  298.1
  991.0    206   24.0   11.5     45   8.65    105     24  297.9  323.4  299.5
  977.0    331   25.4    8.4     34   7.12    109     27  300.5  322.0  301.8
  956.0    520   23.8    7.6     35   6.90    115     31  300.8  321.6  302.1
  931.0    752   21.9    6.6     37   6.62    105     25  301.1  321.1  302.3
  925.0    808   21.4    6.4     38   6.56    110     23  301.2  321.0  302.4
  904.0   1004   19.5    5.9     41   6.46    125     25  301.2  320.8  302.4
  883.0   1205   17.6    5.3     44   6.36    120     31  301.2  320.5  302.4
  864.0   1391   15.8    4.8     48   6.27    110     25  301.2  320.2  302.4
  850.0   1531   14.4    4.4     51   6.20    125     21  301.2  320.0  302.4
  843.0   1601   13.8    3.8     51   6.00    129     22  301.3  319.5  302.4
  842.0   1611   13.8    3.8     51   5.99    130     22  301.4  319.5  302.4
  800.0   2041   12.2    2.2     50   5.64     63     19  304.1  321.5  305.2
  795.0   2094   12.5   -2.1     36   4.13     55     19  305.0  317.9  305.7
  784.0   2211   13.1  -11.8     16   1.98     55     13  306.9  313.4  307.2
  775.0   2308   13.6  -19.9      8   1.03     75      9  308.4  312.0  308.6
  769.0   2373   14.0  -25.2      5   0.64    105     11  309.5  311.8  309.6
  762.0   2450   14.4  -31.6      3   0.36    105     15  310.8  312.1  310.8
  747.0   2617   13.3  -25.5      5   0.64     70     13  311.3  313.6  311.5
  735.0   2753   12.4  -20.6      8   1.02     94     13  311.8  315.4  312.0
  732.0   2787   12.6  -21.3      8   0.96    100     13  312.4  315.7  312.6
  722.0   2902   13.2  -23.8      6   0.78     92     20  314.3  317.1  314.4
  719.0   2937   12.9  -22.2      7   0.90     90     22  314.3  317.5  314.5
  707.0   3078   11.7  -15.8     13   1.59     75     15  314.5  320.0  314.8
  700.0   3161   11.0  -12.0     19   2.19     90     11  314.6  322.0  315.1
  693.0   3244   10.2   -9.7     24   2.65    105     13  314.7  323.5  315.2
  684.0   3353    9.2   -6.8     32   3.37     84     12  314.7  325.8  315.4
  670.0   3522    8.0  -10.7     25   2.54     50     11  315.2  323.8  315.7
  663.0   3608    7.4  -12.7     22   2.19     75      8  315.5  322.9  315.9
  660.0   3646    7.2  -13.5     21   2.05     95     10  315.6  322.6  316.0
  646.0   3821    5.9  -17.6     17   1.50     80     16  316.2  321.4  316.5
  636.0   3949    5.0  -20.5     14   1.18    100     19  316.6  320.7  316.8
  629.0   4040    4.4  -22.6     12   1.00    101     21  316.9  320.4  317.1
  612.0   4262    5.0  -44.0      1   0.13    102     27  320.0  320.6  320.1
  569.0   4842    0.6  -43.6      2   0.14    105     43  321.6  322.1  321.6
  536.0   5318   -3.0  -43.3      3   0.16    105     39  322.8  323.4  322.8
  503.0   5823   -6.9  -42.9      4   0.17     82     38  324.0  324.7  324.0
  500.0   5870   -7.1  -44.1      3   0.15     80     38  324.3  324.9  324.4
  498.0   5901   -7.3  -44.4      3   0.15     80     37  324.5  325.1  324.5
  447.0   6731  -11.9  -52.3      2   0.07     95     27  328.8  329.1  328.8
  411.0   7376  -15.5  -58.5      1   0.03    106     35  332.2  332.3  332.2
  400.0   7580  -16.9  -58.9      1   0.03    110     37  332.9  333.1  332.9
  372.0   8114  -20.0  -61.3      1   0.03    115     48  335.8  336.0  335.8
  325.0   9107  -25.7  -65.7      1   0.02    112     49  341.1  341.2  341.2
  300.0   9680  -30.7  -65.7      2   0.02    110     49  342.0  342.1  342.0
  297.0   9751  -31.4  -65.7      2   0.02    115     50  342.0  342.1  342.1
  291.0   9896  -32.7  -65.7      2   0.02    120     48  342.1  342.2  342.1
  286.0  10016  -33.6  -66.0      2   0.02    125     47  342.5  342.6  342.5
  250.0  10950  -40.7  -68.7      3   0.01    110     42  345.4  345.5  345.4
  237.0  11304  -43.7  -69.8      4   0.01    100     38  346.2  346.2  346.2
  200.0  12430  -53.3  -73.3      7   0.01    110     36  348.2  348.2  348.2
  189.0  12792  -56.9  -73.9     10   0.01    113     30  348.1  348.1  348.1
  184.0  12958  -58.2  -74.4     11   0.01    115     27  348.6  348.7  348.6
  163.0  13706  -64.1  -76.6     17   0.01     95     26  351.1  351.1  351.1
  150.0  14220  -68.1  -78.1     23   0.01    105     29  352.6  352.6  352.6
  135.0  14846  -72.9  -77.9     47   0.01    101     25  354.9  354.9  354.9
  132.0  14975  -73.6  -78.5     47   0.01    100     24  355.9  355.9  355.9
  118.0  15622  -77.2  -81.7     49   0.00    125     25  360.8  360.8  360.8
  114.0  15821  -78.3  -82.6     50   0.00    110     21  362.3  362.3  362.3
  110.0  16027  -79.5  -83.6     51   0.00    120     22  363.8  363.9  363.8
  104.0  16345  -79.5  -86.5     31   0.00    105     19  369.7  369.7  369.7
  100.0  16570  -75.9  -87.9     14   0.00     95     17  380.8  380.8  380.8
   97.0  16747  -74.6  -89.3      9   0.00     80     22  386.7  386.7  386.7
   94.6  16892  -73.5  -90.5      6   0.00     76     20  391.6  391.6  391.6
   91.0  17117  -74.8  -90.6      7   0.00     70     16  393.4  393.4  393.4
   88.6  17272  -75.7  -90.7      8   0.00     73     14  394.6  394.6  394.6
   84.0  17583  -74.2  -91.1      6   0.00     80     10  403.8  403.8  403.8
   82.0  17724  -73.5  -91.3      5   0.00     55     13  408.1  408.1  408.1
   75.1  18237  -70.9  -91.9      3   0.00     44      6  423.8  423.8  423.8
   73.0  18404  -72.0  -91.9      4   0.00     40      4  424.9  424.9  424.9
   71.4  18534  -72.9  -91.9      4   0.00     22      6  425.7  425.7  425.7
   70.0  18650  -71.5  -92.5      3   0.00      5      8  431.1  431.1  431.1
   68.0  18823  -67.5  -93.5      1   0.00     39      9  443.3  443.3  443.3
   63.0  19288  -65.7  -93.0      1   0.00    130     11  457.0  457.0  457.0
   52.9  20353  -61.7  -91.7      1   0.00     98     16  489.7  489.7  489.7
   52.0  20459  -62.2  -91.6      1   0.00     95     16  490.8  490.9  490.8
   50.0  20700  -63.5  -91.5      1   0.00    110     17  493.4  493.4  493.4
   49.0  20824  -63.8  -91.8      1   0.00    115     21  495.7  495.7  495.7
   47.6  21002  -64.1  -92.1      1   0.00    107     23  499.0  499.0  499.0
   44.0  21489  -62.0  -91.7      1   0.00     85     27  515.5  515.6  515.5
   41.4  21866  -60.3  -91.3      1   0.00     90     32  528.7  528.7  528.7
   39.0  22238  -60.6  -90.9      1   0.00     95     36  537.1  537.2  537.1
   38.0  22400  -60.7  -90.7      1   0.00     85     30  540.9  540.9  540.9
   37.8  22433  -60.7  -90.7      1   0.00     86     30  541.6  541.6  541.6
   36.0  22740  -57.3  -90.1      1   0.00    100     34  558.0  558.0  558.0
   35.9  22757  -57.1  -90.1      1   0.00    100     34  559.0  559.0  559.0
   32.0  23483  -59.0  -90.1      1   0.00     85     31  572.4  572.5  572.4
   31.9  23503  -59.1  -90.1      1   0.00     85     31  572.8  572.8  572.8
   30.0  23890  -57.3  -90.3      1   0.00     95     34  587.8  587.9  587.8
   24.0  25314  -52.2  -87.7      1   0.01    110     40  641.4  641.5  641.4
   23.1  25558  -51.3  -87.3      1   0.01     97     37  651.0  651.1  651.0
   22.0  25874  -51.4  -87.1      1   0.01     80     34  659.8  659.9  659.8
   20.0  26490  -51.7  -86.7      1   0.01     85     33  677.2  677.3  677.2
   18.6  26961  -50.9  -86.9      1   0.01     89     29  693.9  694.0  693.9
   17.5  27357  -51.9  -87.9      1   0.01     93     25  702.9  703.0  702.9
   17.0  27546  -51.5  -87.8      1   0.01     95     23  709.9  710.0  709.9
   16.0  27943  -50.8  -87.6      1   0.01     85     20  724.8  725.0  724.8
   15.0  28365  -49.9  -87.3      0   0.01     75     28  741.1  741.2  741.1
   14.0  28816  -49.0  -87.1      0   0.01     25     15  758.8  759.0  758.8
   13.0  29300  -48.1  -86.8      0   0.02    345     10  778.3  778.5  778.3
   12.6  29505  -47.7  -86.7      0   0.02    325      8  786.7  786.9  786.7
   11.0  30412  -42.8  -83.5      0   0.03    240      1  835.7  836.1  835.7
   10.8  30535  -42.1  -83.1      0   0.04                842.5  843.0  842.5
Station information and sounding indices
                         Station identifier: YPDN
                             Station number: 94120
                           Observation time: 180704/0000
                           Station latitude: -12.42
                          Station longitude: 130.89
                          Station elevation: 30.0
                            Showalter index: 9.36
                               Lifted index: 7.81
    LIFT computed using virtual temperature: 7.46
                                SWEAT index: 132.79
                                    K index: 2.90
                         Cross totals index: 11.50
                      Vertical totals index: 21.50
                        Totals totals index: 33.00
      Convective Available Potential Energy: 0.00
             CAPE using virtual temperature: 0.00
                      Convective Inhibition: 0.00
             CINS using virtual temperature: 0.00
                     Bulk Richardson Number: 0.00
          Bulk Richardson Number using CAPV: 0.00
  Temp [K] of the Lifted Condensation Level: 280.41
Pres [hPa] of the Lifted Condensation Level: 799.71
     Mean mixed layer potential temperature: 298.92
              Mean mixed layer mixing ratio: 8.16
              1000 hPa to 500 hPa thickness: 5743.00
Precipitable water [mm] for entire sounding: 17.98

94120 YPDN Darwin Airport Observations at 12Z 04 Jul 2018
-----------------------------------------------------------------------------
   PRES   HGHT   TEMP   DWPT   RELH   MIXR   DRCT   SKNT   THTA   THTE   THTV
    hPa     m      C      C      %    g/kg    deg   knot     K      K      K
-----------------------------------------------------------------------------
 1009.0     30   24.2   17.2     65  12.38      0      1  296.6  332.6  298.8
 1000.0    110   26.6   15.6     51  11.26     30      8  299.8  333.0  301.8
  994.0    163   26.8   14.8     48  10.76     38      8  300.5  332.4  302.4
  951.0    552   25.1   10.4     39   8.39     95     10  302.6  327.9  304.1
  932.0    730   24.4    8.4     36   7.47    106     13  303.6  326.3  305.0
  925.0    796   23.8    7.8     36   7.22    110     14  303.6  325.6  305.0
  885.0   1178   20.4    6.5     40   6.92    130     16  304.0  325.2  305.3
  850.0   1527   17.4    5.4     45   6.66    130     18  304.4  324.7  305.6
  781.0   2239   10.4    3.8     64   6.48    135     16  304.3  324.2  305.5
  760.0   2468    8.2    3.3     71   6.42    130     16  304.3  324.0  305.5
  757.0   2500    9.6   -4.4     37   3.66    129     15  306.2  317.8  306.8
  745.0   2633   11.6  -33.4      3   0.31    126     15  309.7  310.9  309.8
  740.0   2689   11.7  -34.0      3   0.29    125     15  310.4  311.5  310.5
  718.0   2941   12.1  -36.5      2   0.24    140     18  313.6  314.5  313.7
  715.0   2976   12.2  -36.8      2   0.23    138     18  314.1  314.9  314.1
  700.0   3153   10.8  -38.2      2   0.20    130     16  314.4  315.2  314.4
  659.0   3654    9.3  -32.1      4   0.40    100     28  318.2  319.7  318.2
  657.0   3679    9.2  -31.8      4   0.41    100     28  318.4  319.9  318.4
  604.0   4365    3.7  -35.2      4   0.32    105     24  319.8  321.0  319.8
  581.0   4681    1.2  -36.8      4   0.28     82     21  320.4  321.5  320.4
  579.0   4709    1.3  -38.0      3   0.25     80     21  320.8  321.8  320.8
  564.0   4920    1.8  -47.2      1   0.10     80     17  323.8  324.2  323.9
  557.0   5020    1.2  -47.7      1   0.09     80     15  324.3  324.6  324.3
  543.0   5223   -0.1  -48.7      1   0.08    100     14  325.1  325.5  325.2
  530.0   5416   -1.2  -49.7      1   0.08     90     10  326.0  326.3  326.0
  524.0   5506   -1.8  -50.2      1   0.07     95      7  326.4  326.7  326.4
  516.0   5629   -2.6  -50.8      1   0.07    115     10  326.9  327.2  326.9
  500.0   5880   -4.1  -52.1      1   0.06    100     14  328.0  328.2  328.0
  487.0   6087   -5.5  -53.5      1   0.05     90     18  328.7  329.0  328.7
  478.0   6233   -6.5  -54.5      1   0.05     91     17  329.3  329.5  329.3
  444.0   6804  -12.1  -52.4      2   0.07     95     13  329.2  329.5  329.2
  443.0   6821  -12.3  -52.3      2   0.07     93     13  329.2  329.5  329.2
  435.0   6961  -11.1  -59.1      1   0.03     74     15  332.4  332.6  332.4
  431.0   7031  -11.5  -59.2      1   0.03     65     16  332.7  332.9  332.7
  410.0   7412  -13.9  -59.8      1   0.03     80      6  334.4  334.6  334.4
  400.0   7600  -15.1  -60.1      1   0.03     95      9  335.3  335.4  335.3
  399.0   7619  -15.2  -60.2      1   0.03     95     10  335.4  335.5  335.4
  380.0   7981  -17.7  -62.0      1   0.02     65     14  336.8  336.9  336.8
  364.0   8300  -19.9  -63.6      1   0.02     90     21  338.0  338.1  338.0
  346.0   8676  -22.5  -65.5      1   0.02     93     15  339.4  339.5  339.4
  337.0   8867  -24.4  -66.0      1   0.02     95     12  339.5  339.5  339.5
  326.0   9108  -26.7  -66.7      1   0.01     61     11  339.5  339.6  339.5
  321.0   9218  -27.5  -66.5      1   0.02     45     10  339.9  340.0  339.9
  311.0   9443  -29.1  -66.2      1   0.02     35     10  340.8  340.8  340.8
  302.0   9653  -30.6  -66.0      2   0.02     60     10  341.5  341.6  341.5
  300.0   9700  -30.9  -65.9      2   0.02     60     10  341.7  341.8  341.7
  268.0  10486  -36.9  -68.6      2   0.01     80      8  344.2  344.3  344.2
  263.0  10618  -37.9  -69.1      2   0.01     65     10  344.6  344.7  344.6
  252.0  10916  -40.1  -70.1      3   0.01     52     13  345.5  345.6  345.5
  250.0  10970  -40.7  -69.7      3   0.01     50     14  345.4  345.5  345.4
  230.0  11523  -45.6  -70.8      4   0.01     10     20  346.4  346.4  346.4
  216.0  11940  -49.2  -71.7      6   0.01      0     24  347.0  347.0  347.0
  200.0  12450  -53.7  -72.7      8   0.01    355     21  347.6  347.6  347.6
  190.0  12776  -56.5  -69.5     18   0.02    358     19  348.2  348.3  348.2
  183.0  13012  -58.1  -72.1     15   0.01      1     18  349.4  349.4  349.4
  177.0  13220  -59.7  -67.7     34   0.02      3     16  350.1  350.2  350.1
  174.0  13326  -60.3  -77.3      9   0.01      4     16  350.8  350.8  350.8
  171.0  13433  -61.2  -70.7     27   0.02      5     15  351.1  351.1  351.1
  170.0  13470  -61.5  -68.5     39   0.02      7     15  351.1  351.3  351.1
  163.0  13726  -63.5  -72.8     27   0.01     20     11  352.0  352.1  352.0
  161.0  13801  -64.1  -74.0     24   0.01     35     10  352.3  352.3  352.3
  156.0  13994  -65.6  -77.2     18   0.01     75     11  352.9  352.9  352.9
  155.0  14033  -65.9  -77.9     17   0.01     76     12  353.0  353.1  353.0
  150.0  14230  -67.7  -77.7     23   0.01     80     15  353.3  353.3  353.3
  143.0  14513  -69.7  -78.4     27   0.01     90     22  354.7  354.7  354.7
  129.0  15123  -73.9  -79.9     39   0.01     71     31  357.7  357.7  357.7
  128.0  15168  -74.1  -80.1     39   0.01     70     32  358.2  358.2  358.2
  122.0  15445  -75.0  -81.6     35   0.00     60     29  361.4  361.4  361.4
  107.0  16203  -77.7  -85.7     27   0.00     75     27  370.1  370.1  370.1
  104.0  16365  -77.5  -86.4     23   0.00     75     27  373.5  373.5  373.5
  100.0  16590  -77.3  -87.3     19   0.00     65     28  378.1  378.1  378.1
   90.0  17199  -76.4  -88.8     13   0.00    335     10  391.5  391.5  391.5
   80.0  17879  -75.4  -90.6      8   0.00    100      6  406.9  406.9  406.9
   77.3  18077  -75.1  -91.1      7   0.00     69     10  411.6  411.6  411.6
   77.0  18100  -74.9  -91.2      7   0.00     65     10  412.4  412.4  412.4
   73.0  18413  -72.5  -91.9      4   0.00    140     14  424.0  424.0  424.0
   71.0  18577  -71.2  -92.3      3   0.00    135     15  430.1  430.1  430.1
   70.0  18660  -70.5  -92.5      3   0.00    125     12  433.2  433.2  433.2
   69.0  18746  -70.3  -92.7      2   0.00     90     11  435.5  435.5  435.5
   65.0  19101  -69.3  -93.6      2   0.00    120     12  445.2  445.2  445.2
   63.5  19240  -68.9  -93.9      2   0.00    117     14  449.0  449.0  449.0
   62.5  19336  -65.7  -92.7      1   0.00    115     15  458.1  458.1  458.1
   60.0  19585  -65.2  -92.6      1   0.00    110     19  464.7  464.7  464.7
   58.0  19792  -64.7  -92.5      1   0.00    120     16  470.2  470.2  470.2
   54.0  20229  -63.8  -92.4      1   0.00     70     16  482.1  482.1  482.1
   52.1  20448  -63.3  -92.3      1   0.00     70     13  488.1  488.1  488.1
   52.0  20460  -63.3  -92.3      1   0.00     70     13  488.3  488.3  488.3
   50.0  20700  -64.1  -92.1      1   0.00     90     16  492.0  492.0  492.0
   47.0  21078  -64.6  -92.2      1   0.00     60     24  499.6  499.6  499.6
   43.0  21621  -65.3  -92.3      1   0.00    105     22  510.8  510.8  510.8
   42.9  21635  -65.3  -92.3      1   0.00    104     22  511.1  511.1  511.1
   41.9  21780  -62.5  -92.5      1   0.00     96     24  521.5  521.5  521.5
   40.0  22065  -63.7  -92.4      1   0.00     80     28  525.4  525.4  525.4
   39.1  22205  -64.3  -92.3      1   0.00     84     23  527.3  527.3  527.3
   39.0  22221  -64.0  -92.3      1   0.00     85     22  528.4  528.4  528.4
   37.1  22530  -58.9  -91.9      1   0.00    118     19  549.1  549.1  549.1
   37.0  22548  -58.8  -91.9      1   0.00    120     19  549.7  549.7  549.7
   36.0  22722  -58.2  -91.5      1   0.00    100     22  555.8  555.8  555.8
   31.0  23672  -54.5  -89.2      1   0.00    100     28  589.9  590.0  589.9
   30.0  23880  -53.7  -88.7      1   0.01     90     28  597.6  597.7  597.6
   29.0  24098  -52.6  -88.1      1   0.01     75     31  606.4  606.5  606.4
   28.0  24324  -51.5  -87.5      1   0.01     73     34  615.6  615.7  615.7
   27.0  24560  -51.3  -87.5      1   0.01     70     37  622.6  622.7  622.6
   24.0  25326  -50.7  -87.6      1   0.01     95     24  645.8  645.9  645.8
   23.0  25602  -50.5  -87.6      0   0.01     85     26  654.3  654.4  654.3
   22.0  25891  -50.2  -87.6      0   0.01    110     24  663.4  663.5  663.4
   20.0  26510  -49.7  -87.7      0   0.01    110     30  683.3  683.4  683.3
   17.0  27574  -49.3  -86.3      1   0.01                717.0  717.2  717.0
Station information and sounding indices
                         Station identifier: YPDN
                             Station number: 94120
                           Observation time: 180704/1200
                           Station latitude: -12.42
                          Station longitude: 130.89
                          Station elevation: 30.0
                            Showalter index: 9.85
                               Lifted index: 6.90
    LIFT computed using virtual temperature: 6.39
                                SWEAT index: 114.82
                                    K index: -22.10
                         Cross totals index: 9.50
                      Vertical totals index: 21.50
                        Totals totals index: 31.00
      Convective Available Potential Energy: 0.00
             CAPE using virtual temperature: 0.00
                      Convective Inhibition: 0.00
             CINS using virtual temperature: -143.47
 Equilibrum Level using virtual temperature: 759.79
             LFCT using virtual temperature: 761.11
                     Bulk Richardson Number: 0.00
          Bulk Richardson Number using CAPV: 0.00
  Temp [K] of the Lifted Condensation Level: 283.96
Pres [hPa] of the Lifted Condensation Level: 817.62
     Mean mixed layer potential temperature: 300.79
              Mean mixed layer mixing ratio: 10.14
              1000 hPa to 500 hPa thickness: 5770.00
Precipitable water [mm] for entire sounding: 20.42
