94610 YPPH Perth Airport Observations at 12Z 08 Jun 2018
-----------------------------------------------------------------------------
   PRES   HGHT   TEMP   DWPT   RELH   MIXR   DRCT   SKNT   THTA   THTE   THTV
    hPa     m      C      C      %    g/kg    deg   knot     K      K      K
-----------------------------------------------------------------------------
 1016.0     20   13.4    8.5     72   6.90     10      7  285.2  304.7  286.4
 1000.0    147   13.6    7.6     67   6.59      0     12  286.8  305.4  287.9
  999.0    155   13.6    6.6     63   6.15    360     12  286.8  304.4  287.9
  925.0    799    8.8    5.1     78   5.99    325     14  288.3  305.5  289.3
  880.0   1208    5.4    3.7     89   5.72    290     13  288.9  305.4  289.9
  850.0   1492    3.0    2.8     99   5.54    305     16  289.3  305.3  290.2
  842.0   1569    2.6    2.6    100   5.51    308     18  289.6  305.6  290.6
  838.0   1607    2.4    2.4    100   5.44    310     19  289.8  305.6  290.7
  763.0   2360   -2.3   -2.5     99   4.19    307     21  292.6  305.1  293.4
  757.0   2423   -2.1   -3.0     94   4.07    307     21  293.5  305.6  294.2
  752.0   2476   -1.1   -8.1     59   2.77    307     21  295.1  303.7  295.6
  748.0   2519    1.6  -29.4      8   0.45    307     21  298.5  300.1  298.6
  745.0   2551    2.0  -38.0      3   0.20    307     21  299.3  300.0  299.3
  700.0   3051   -1.1  -42.1      3   0.14    305     22  301.2  301.7  301.3
  670.0   3394   -3.3  -42.4      3   0.14    305     22  302.5  303.0  302.6
  586.0   4444  -10.2  -43.5      5   0.14    280     30  306.4  306.9  306.4
  582.0   4498  -10.5  -43.5      5   0.14    280     30  306.6  307.1  306.6
  581.0   4511  -10.5  -44.5      4   0.13    280     31  306.7  307.2  306.8
  577.0   4564  -10.5  -32.5     15   0.43    280     31  307.3  308.9  307.4
  536.0   5127  -15.3  -32.3     22   0.48    283     36  308.1  309.9  308.2
  507.0   5546  -16.9  -47.9      5   0.10    285     39  311.1  311.5  311.1
  500.0   5650  -17.7  -47.7      5   0.10    285     40  311.4  311.8  311.4
  452.0   6385  -24.1  -48.3      9   0.11    285     44  312.5  312.9  312.6
  412.0   7061  -29.9  -48.9     14   0.11    289     39  313.4  313.8  313.4
  400.0   7270  -31.9  -46.9     21   0.14    290     38  313.4  314.0  313.5
  398.0   7305  -32.2  -46.9     22   0.14    295     38  313.5  314.0  313.5
  388.0   7484  -33.9  -46.9     26   0.15    295     42  313.6  314.1  313.6
  385.0   7538  -34.5  -40.5     54   0.29    294     43  313.5  314.6  313.5
  382.0   7592  -35.1  -44.1     39   0.20    294     44  313.4  314.1  313.4
  378.0   7666  -35.5  -38.4     75   0.37    294     45  313.8  315.2  313.9
  367.0   7870  -37.3  -39.8     77   0.33    294     50  314.1  315.3  314.1
  361.0   7983  -38.1  -47.1     38   0.15    293     52  314.5  315.1  314.5
  357.0   8060  -37.5  -67.5      3   0.01    293     54  316.3  316.3  316.3
  316.0   8891  -42.7  -64.7      7   0.02    291     71  320.3  320.4  320.3
  300.0   9240  -43.1  -72.1      3   0.01    290     79  324.5  324.5  324.5
  271.0   9920  -45.9  -73.8      3   0.01    295     90  330.0  330.1  330.0
  250.0  10460  -48.1  -75.1      3   0.01    300    111  334.4  334.4  334.4
  247.0  10539  -48.5  -75.5      3   0.01    300    114  335.0  335.0  335.0
  227.0  11091  -48.5  -78.5      2   0.00    297    136  343.2  343.2  343.2
  217.0  11383  -50.1  -79.6      2   0.00    295    147  345.1  345.1  345.1
  208.0  11658  -51.7  -80.7      2   0.00    295    145  346.8  346.8  346.8
  200.0  11910  -51.9  -81.9      2   0.00    295    144  350.4  350.4  350.4
  150.0  13750  -58.5  -86.5      2   0.00    295    139  369.1  369.1  369.1
  148.0  13834  -58.8  -86.7      2   0.00    295    138  369.9  369.9  369.9
  134.0  14453  -61.3  -88.3      2   0.00    295    122  376.2  376.2  376.2
  121.0  15086  -59.7  -89.7      1   0.00    295    105  390.3  390.3  390.3
  111.0  15618  -63.2  -89.4      2   0.00    290    116  393.5  393.5  393.5
  108.0  15787  -64.3  -89.3      2   0.00    290    109  394.5  394.5  394.5
  100.0  16260  -61.5  -90.5      1   0.00    280     81  408.6  408.6  408.6
   95.6  16540  -59.9  -89.9      1   0.00    293     65  417.1  417.1  417.1
   95.0  16579  -60.1  -90.0      1   0.00    295     63  417.4  417.4  417.4
   88.0  17055  -62.4  -90.6      1   0.00    300     80  422.1  422.1  422.1
   87.0  17126  -62.7  -90.7      1   0.00    300     79  422.8  422.8  422.8
   84.0  17344  -59.3  -91.3      1   0.00    299     77  434.0  434.0  434.0
   70.7  18409  -65.3  -91.3      2   0.00    295     65  443.1  443.1  443.1
   70.0  18470  -64.7  -91.7      1   0.00    300     64  445.6  445.6  445.6
   69.0  18559  -64.4  -91.6      1   0.00    300     64  448.1  448.1  448.1
   59.0  19532  -60.9  -91.0      1   0.00    285     55  476.4  476.4  476.4
   51.0  20437  -57.7  -90.4      1   0.00    285     36  504.1  504.1  504.1
   50.0  20560  -57.3  -90.3      1   0.00    300     35  508.0  508.0  508.0
   49.3  20649  -56.9  -90.9      1   0.00    307     38  511.0  511.0  511.0
   49.0  20688  -57.2  -90.8      1   0.00    310     40  511.2  511.2  511.2
   46.8  20977  -59.3  -90.3      1   0.00    303     36  512.9  512.9  512.9
   43.0  21513  -57.7  -89.9      1   0.00    290     30  529.5  529.5  529.5
   41.0  21815  -56.8  -89.7      1   0.00    300     40  539.0  539.0  539.0
   39.0  22132  -55.8  -89.5      1   0.00    290     42  549.2  549.2  549.2
   38.0  22296  -55.3  -89.4      1   0.00    280     34  554.5  554.6  554.5
   36.0  22639  -54.3  -89.1      1   0.00    285     33  565.9  565.9  565.9
   35.7  22692  -54.1  -89.1      1   0.00                567.6  567.7  567.6
Station information and sounding indices
                         Station identifier: YPPH
                             Station number: 94610
                           Observation time: 180608/1200
                           Station latitude: -31.93
                          Station longitude: 115.96
                          Station elevation: 20.0
                            Showalter index: 7.70
                               Lifted index: 8.05
    LIFT computed using virtual temperature: 7.92
                                SWEAT index: 105.61
                                    K index: -17.50
                         Cross totals index: 20.50
                      Vertical totals index: 20.70
                        Totals totals index: 41.20
      Convective Available Potential Energy: 0.00
             CAPE using virtual temperature: 0.00
                      Convective Inhibition: 0.00
             CINS using virtual temperature: 0.00
                     Bulk Richardson Number: 0.00
          Bulk Richardson Number using CAPV: 0.00
  Temp [K] of the Lifted Condensation Level: 278.54
Pres [hPa] of the Lifted Condensation Level: 901.83
     Mean mixed layer potential temperature: 286.91
              Mean mixed layer mixing ratio: 6.28
              1000 hPa to 500 hPa thickness: 5503.00
Precipitable water [mm] for entire sounding: 15.78

94610 YPPH Perth Airport Observations at 00Z 09 Jun 2018
-----------------------------------------------------------------------------
   PRES   HGHT   TEMP   DWPT   RELH   MIXR   DRCT   SKNT   THTA   THTE   THTV
    hPa     m      C      C      %    g/kg    deg   knot     K      K      K
-----------------------------------------------------------------------------
 1013.0     20   12.0    8.3     78   6.82     15     12  284.1  303.2  285.3
 1000.0    126   11.6    8.9     83   7.20     10     22  284.8  304.9  286.0
  971.0    372   11.3    9.1     86   7.50    355     32  286.8  308.0  288.1
  948.0    573   11.0    9.2     89   7.76    340     30  288.5  310.6  289.9
  925.0    778    9.6    9.1     97   7.90    325     28  289.1  311.6  290.5
  922.0    805    9.4    8.9     96   7.81    320     28  289.2  311.5  290.6
  895.0   1050    8.0    6.9     93   7.03    310     20  290.2  310.3  291.4
  856.0   1417    5.8    4.0     88   5.97    300     26  291.6  308.9  292.6
  850.0   1475    5.4    3.5     88   5.82    300     28  291.8  308.8  292.8
  755.0   2434   -1.1   -1.1    100   4.70    291     32  294.8  308.8  295.6
  749.0   2498    1.4  -21.6     16   0.91    290     32  298.2  301.2  298.4
  740.0   2595    3.0  -31.0      6   0.39    289     32  301.0  302.3  301.0
  723.0   2783    2.4  -37.6      3   0.21    288     33  302.3  303.1  302.3
  700.0   3043    0.6  -39.4      3   0.18    285     34  303.1  303.8  303.1
  683.0   3239   -0.8  -34.2      6   0.31    290     33  303.7  304.8  303.7
  664.0   3463   -2.4  -28.2     12   0.57    275     37  304.3  306.3  304.4
  645.0   3694   -4.1  -22.1     23   1.01    290     39  305.0  308.4  305.1
  624.0   3953   -5.4  -26.0     18   0.74    275     37  306.3  308.9  306.5
  605.0   4195   -6.7  -29.6     14   0.55    295     35  307.6  309.5  307.7
  582.0   4498   -8.3  -34.1     10   0.37    280     34  309.2  310.5  309.2
  573.0   4620   -8.9  -35.9      9   0.31    281     36  309.8  311.0  309.9
  519.0   5375  -14.9  -33.9     18   0.42    290     47  311.5  313.1  311.6
  500.0   5660  -17.1  -33.1     24   0.47    285     42  312.1  313.9  312.2
  460.0   6278  -22.1  -33.1     36   0.51    290     44  313.4  315.3  313.5
  459.0   6294  -22.3  -33.3     36   0.51    290     44  313.4  315.2  313.4
  456.0   6341  -22.6  -33.9     35   0.48    290     44  313.6  315.3  313.7
  400.0   7290  -28.5  -45.5     18   0.16    285     54  317.9  318.5  317.9
  395.0   7380  -28.9  -46.9     16   0.14    285     55  318.5  319.1  318.5
  368.0   7882  -33.5  -49.5     18   0.11    285     60  318.9  319.3  318.9
  319.0   8873  -39.5  -68.5      3   0.01    285     70  323.9  323.9  323.9
  300.0   9290  -43.1  -69.1      4   0.01    285     74  324.5  324.6  324.5
  253.0  10413  -51.3  -70.3      9   0.01    290     84  328.6  328.6  328.6
  250.0  10490  -50.9  -75.9      4   0.01    290     85  330.3  330.3  330.3
  223.0  11222  -54.3  -77.2      4   0.00    290    103  336.0  336.1  336.0
  204.0  11793  -56.9  -78.3      5   0.00    295     94  340.6  340.6  340.6
  200.0  11920  -57.5  -78.5      5   0.00    295     99  341.6  341.6  341.6
  195.0  12080  -58.1  -77.1      7   0.01    295    107  343.1  343.1  343.1
  177.0  12689  -58.2  -81.4      4   0.00    290    130  352.6  352.6  352.6
  155.0  13524  -58.3  -87.3      1   0.00    290    120  366.0  366.0  366.0
  150.0  13730  -59.7  -87.7      1   0.00    290    117  367.0  367.0  367.0
  143.0  14028  -61.1  -88.1      2   0.00    290    121  369.6  369.6  369.6
  141.0  14115  -61.3  -88.2      2   0.00    290    122  370.8  370.8  370.8
  120.0  15108  -63.2  -88.7      2   0.00    280     91  384.9  384.9  384.9
  114.0  15423  -63.8  -88.9      2   0.00    290     82  389.4  389.4  389.4
  100.0  16230  -65.3  -89.3      2   0.00    295     85  401.3  401.3  401.3
   85.9  17165  -61.9  -89.9      1   0.00    281     68  426.0  426.0  426.0
   85.0  17230  -62.0  -89.9      1   0.00    280     67  427.1  427.1  427.1
   83.0  17377  -62.2  -90.0      1   0.00    290     65  429.6  429.6  429.6
   80.0  17604  -62.5  -90.1      1   0.00    300     69  433.5  433.6  433.5
   77.0  17840  -62.8  -90.2      1   0.00    295     82  437.7  437.7  437.7
   72.1  18247  -63.3  -90.3      1   0.00    279     76  444.9  444.9  444.9
   71.0  18342  -61.6  -90.7      1   0.00    275     75  450.4  450.4  450.4
   70.0  18430  -60.1  -91.1      1   0.00    275     73  455.5  455.5  455.5
   65.5  18848  -54.9  -88.9      1   0.00    288     43  475.5  475.5  475.5
   65.0  18897  -55.2  -88.9      1   0.00    290     39  475.9  475.9  475.9
   62.0  19195  -57.2  -89.1      1   0.00    305     44  478.0  478.0  478.0
   58.9  19518  -59.3  -89.3      1   0.00    300     51  480.3  480.3  480.3
   50.0  20540  -59.5  -90.5      1   0.00    290     46  502.8  502.9  502.8
   48.0  20794  -60.0  -90.7      1   0.00    300     47  507.5  507.5  507.5
   46.0  21059  -60.6  -91.0      1   0.00    285     54  512.3  512.3  512.3
   43.6  21393  -61.3  -91.3      1   0.00    294     47  518.5  518.5  518.5
   42.0  21628  -59.7  -90.9      1   0.00    300     42  527.9  528.0  527.9
   41.0  21779  -58.7  -90.7      1   0.00    285     48  534.1  534.1  534.1
   40.0  21934  -57.7  -90.5      1   0.00    295     45  540.5  540.5  540.5
   38.5  22174  -56.1  -90.1      1   0.00    293     44  550.4  550.5  550.5
   35.7  22651  -58.3  -90.3      1   0.00    290     43  556.8  556.8  556.8
   34.2  22924  -53.5  -89.5      1   0.00    288     43  576.2  576.2  576.2
   32.3  23292  -53.5  -89.5      1   0.00    285     42  585.7  585.7  585.7
   32.0                                       285     42
Station information and sounding indices
                         Station identifier: YPPH
                             Station number: 94610
                           Observation time: 180609/0000
                           Station latitude: -31.93
                          Station longitude: 115.96
                          Station elevation: 20.0
                            Showalter index: 6.04
                               Lifted index: 7.42
    LIFT computed using virtual temperature: 7.34
                                SWEAT index: 139.98
                                    K index: -14.00
                         Cross totals index: 20.60
                      Vertical totals index: 22.50
                        Totals totals index: 43.10
      Convective Available Potential Energy: 0.00
             CAPE using virtual temperature: 0.00
                      Convective Inhibition: 0.00
             CINS using virtual temperature: 0.00
                     Bulk Richardson Number: 0.00
          Bulk Richardson Number using CAPV: 0.00
  Temp [K] of the Lifted Condensation Level: 281.52
Pres [hPa] of the Lifted Condensation Level: 946.93
     Mean mixed layer potential temperature: 285.96
              Mean mixed layer mixing ratio: 7.35
              1000 hPa to 500 hPa thickness: 5534.00
Precipitable water [mm] for entire sounding: 18.90
94610 YPPH Perth Airport Observations at 12Z 09 Jun 2018
-----------------------------------------------------------------------------
   PRES   HGHT   TEMP   DWPT   RELH   MIXR   DRCT   SKNT   THTA   THTE   THTV
    hPa     m      C      C      %    g/kg    deg   knot     K      K      K
-----------------------------------------------------------------------------
 1011.0     20   17.8    9.8     59   7.57      5     11  290.0  311.7  291.4
 1006.0     60   17.8    9.8     59   7.61    345     11  290.4  312.3  291.8
 1000.0    109   17.8    9.8     59   7.66    345     17  290.9  313.0  292.3
  930.0    725   13.0    9.4     79   8.03    320     37  292.1  315.3  293.5
  925.0    771   12.6    9.4     81   8.06    320     38  292.2  315.4  293.6
  875.0   1235    8.2    8.2    100   7.85    310     36  292.3  315.0  293.7
  874.0   1244    8.2    8.2    100   7.86    310     36  292.4  315.1  293.8
  850.0   1474    6.8    6.6     99   7.24    305     35  293.3  314.3  294.5
  777.0   2201    2.8    2.6     99   5.96    290     34  296.6  314.3  297.6
  732.0   2684    0.1   -0.1     99   5.22    295     45  298.7  314.5  299.7
  700.0   3046   -1.9   -2.1     99   4.71    290     44  300.4  314.7  301.2
  699.0   3057   -1.9   -2.2     98   4.68    290     44  300.5  314.8  301.3
  692.0   3137   -2.3   -2.3    100   4.69    290     44  300.9  315.2  301.8
  650.0   3633   -5.1   -6.8     88   3.55    288     44  303.2  314.3  303.8
  636.0   3804   -4.9  -17.9     35   1.48    288     45  305.3  310.2  305.6
  590.0   4390   -8.1  -29.1     17   0.59    286     45  308.2  310.3  308.3
  578.0   4548   -9.5  -29.8     17   0.56    285     45  308.4  310.4  308.5
  541.0   5056  -13.9  -31.9     20   0.49    280     52  309.0  310.8  309.1
  536.0   5126  -14.5  -28.5     29   0.68    280     53  309.1  311.5  309.2
  531.0   5197  -14.7  -20.7     60   1.39    279     54  309.7  314.4  309.9
  500.0   5650  -17.3  -34.3     21   0.42    275     61  311.9  313.4  312.0
  493.0   5755  -17.7  -38.7     14   0.28    275     62  312.7  313.7  312.7
  469.0   6128  -19.1  -54.1      3   0.05    277     64  315.4  315.6  315.4
  400.0   7290  -28.1  -57.1      4   0.04    285     72  318.4  318.6  318.4
  396.0   7362  -28.7  -57.7      4   0.04    286     73  318.5  318.7  318.5
  366.0   7921  -33.1  -47.6     22   0.14    290     84  319.9  320.4  319.9
  361.0   8019  -33.9  -45.9     29   0.17    290     84  320.1  320.8  320.1
  338.0   8478  -37.7  -62.7      6   0.02    290     85  321.0  321.1  321.0
  317.0   8917  -41.5  -56.5     18   0.06    290     85  321.6  321.9  321.7
  300.0   9290  -43.9  -64.9      8   0.02    290     86  323.4  323.5  323.4
  290.0   9515  -45.7  -68.7      6   0.01    290     88  324.0  324.0  324.0
  266.0  10077  -50.2  -67.4     11   0.02    290     93  325.4  325.5  325.4
  250.0  10480  -53.5  -66.5     19   0.02    290     88  326.4  326.5  326.4
  242.0  10689  -54.7  -69.7     14   0.01    294     83  327.6  327.7  327.6
  240.0  10742  -54.9  -69.8     14   0.01    295     82  328.1  328.1  328.1
  213.0  11500  -58.3  -71.3     17   0.01    290     96  334.2  334.3  334.2
  200.0  11900  -54.9  -82.9      2   0.00    290    109  345.7  345.7  345.7
  197.0  11997  -54.5  -82.5      2   0.00    290    112  347.8  347.8  347.8
  190.0  12227  -55.2  -83.2      2   0.00    290    118  350.3  350.3  350.3
  150.0  13730  -59.7  -87.7      1   0.00    290     96  367.0  367.0  367.0
  144.0  13984  -61.3  -88.3      2   0.00    290     94  368.6  368.6  368.6
  143.0  14027  -61.2  -88.3      2   0.00    290     94  369.4  369.4  369.4
  128.0  14716  -60.0  -89.2      1   0.00    290    103  383.6  383.6  383.6
  123.0  14963  -59.5  -89.5      1   0.00    289     99  388.8  388.8  388.8
  105.0  15941  -63.9  -89.9      2   0.00    285     82  398.4  398.4  398.4
  100.0  16240  -62.9  -90.9      1   0.00    285     77  405.9  405.9  405.9
   90.0  16885  -63.9  -90.9      1   0.00    295     65  416.3  416.4  416.4
   85.7  17187  -61.1  -90.1      1   0.00    299     60  427.9  427.9  427.9
   85.0  17237  -61.2  -90.1      1   0.00    300     59  428.6  428.6  428.6
   73.0  18172  -63.8  -90.4      2   0.00    280     56  442.2  442.2  442.2
   70.0  18430  -64.5  -90.5      2   0.00    285     52  446.1  446.1  446.1
   68.7  18544  -64.5  -90.5      2   0.00    286     54  448.4  448.5  448.4
   65.0  18887  -63.2  -90.7      1   0.00    290     59  458.5  458.5  458.5
   60.0  19382  -61.3  -91.0      1   0.00    265     57  473.3  473.3  473.3
   57.0  19699  -60.1  -91.2      1   0.00    280     47  483.1  483.1  483.1
   55.2  19897  -59.3  -91.3      1   0.00    293     50  489.3  489.3  489.3
   55.0  19920  -59.4  -91.3      1   0.00    295     50  489.5  489.5  489.5
   52.0  20269  -61.7  -91.8      1   0.00    290     49  492.2  492.2  492.2
   51.7  20305  -61.9  -91.9      1   0.00                492.5  492.5  492.5
Station information and sounding indices
                         Station identifier: YPPH
                             Station number: 94610
                           Observation time: 180609/1200
                           Station latitude: -31.93
                          Station longitude: 115.96
                          Station elevation: 20.0
                            Showalter index: 2.43
                               Lifted index: 2.95
    LIFT computed using virtual temperature: 2.78
                                SWEAT index: 210.20
                                    K index: 30.50
                         Cross totals index: 23.90
                      Vertical totals index: 24.10
                        Totals totals index: 48.00
      Convective Available Potential Energy: 0.00
             CAPE using virtual temperature: 0.00
                      Convective Inhibition: 0.00
             CINS using virtual temperature: 0.00
                     Bulk Richardson Number: 0.00
          Bulk Richardson Number using CAPV: 0.00
  Temp [K] of the Lifted Condensation Level: 281.33
Pres [hPa] of the Lifted Condensation Level: 886.79
     Mean mixed layer potential temperature: 291.18
              Mean mixed layer mixing ratio: 7.75
              1000 hPa to 500 hPa thickness: 5541.00
Precipitable water [mm] for entire sounding: 25.77
94610 YPPH Perth Airport Observations at 00Z 10 Jun 2018
-----------------------------------------------------------------------------
   PRES   HGHT   TEMP   DWPT   RELH   MIXR   DRCT   SKNT   THTA   THTE   THTV
    hPa     m      C      C      %    g/kg    deg   knot     K      K      K
-----------------------------------------------------------------------------
 1011.0     20   15.8   14.2     90  10.16    280      7  288.1  316.6  289.8
 1000.0    105   16.2   13.4     83   9.75    285     10  289.4  316.9  291.1
  999.0    114   16.4   13.6     84   9.89    285     11  289.6  317.6  291.4
  974.0    328   14.9   12.5     86   9.44    275     31  290.2  317.0  291.9
  925.0    765   11.8   10.3     91   8.57    285     39  291.4  315.9  292.9
  861.0   1360    7.4    6.4     93   7.05    290     44  292.8  313.3  294.0
  850.0   1467    6.6    5.7     94   6.80    290     43  293.1  312.8  294.2
  818.0   1781    4.4    4.3     99   6.40    283     38  293.9  312.7  295.1
  803.0   1932    3.9    3.9    100   6.33    280     36  295.0  313.6  296.1
  793.0   2034    3.6    3.6    100   6.29    283     36  295.7  314.3  296.8
  772.0   2251    2.1    2.1    100   5.79    290     35  296.4  313.6  297.4
  743.0   2560   -0.1   -0.1    100   5.14    284     42  297.2  312.7  298.2
  737.0   2625   -0.7   -2.5     88   4.34    283     44  297.3  310.4  298.1
  732.0   2679   -0.3  -13.3     37   1.88    282     45  298.3  304.3  298.6
  729.0   2712   -0.3  -16.3     29   1.48    281     46  298.6  303.4  298.9
  704.0   2991   -1.5  -19.5     24   1.17    276     52  300.3  304.1  300.5
  700.0   3036   -1.7  -18.7     26   1.26    275     53  300.6  304.7  300.8
  685.0   3206   -3.1  -19.6     27   1.19    280     56  300.9  304.8  301.1
  620.0   3987   -9.5  -23.5     31   0.93    277     60  302.2  305.4  302.4
  612.0   4088   -9.1  -39.1      7   0.21    276     60  303.8  304.6  303.9
  552.0   4876  -15.1  -34.1     18   0.39    273     64  305.8  307.2  305.9
  549.0   4918  -14.3  -44.3      6   0.14    273     64  307.2  307.8  307.2
  514.0   5414  -17.3  -59.3      1   0.03    271     67  309.4  309.5  309.4
  500.0   5620  -19.1  -59.1      2   0.03    270     68  309.7  309.8  309.7
  400.0   7230  -33.5  -65.5      3   0.01    275     71  311.4  311.4  311.4
  392.0   7372  -34.7  -65.0      3   0.02    275     70  311.6  311.6  311.6
  391.0   7390  -34.9  -64.9      3   0.02    275     71  311.6  311.6  311.6
  375.0   7680  -36.4  -65.5      3   0.02    280     85  313.4  313.4  313.4
  355.0   8060  -38.3  -66.3      4   0.01    277     83  315.7  315.8  315.7
  344.0   8278  -37.3  -70.3      2   0.01    276     82  319.9  320.0  319.9
  338.0   8398  -38.3  -70.6      2   0.01    275     81  320.2  320.2  320.2
  300.0   9210  -44.9  -72.9      3   0.01    285     93  322.0  322.0  322.0
  284.0   9573  -47.5  -73.5      3   0.01    285     98  323.3  323.4  323.3
  275.0   9785  -47.7  -72.7      4   0.01    285    101  326.0  326.1  326.0
  250.0  10410  -49.7  -71.7      6   0.01    285    109  332.1  332.1  332.1
  249.0  10436  -49.9  -71.8      6   0.01    285    109  332.2  332.2  332.2
  246.0  10515  -50.3  -72.3      6   0.01    285    107  332.7  332.7  332.7
  232.0  10899  -48.5  -75.5      3   0.01    286    108  341.0  341.1  341.0
  200.0  11870  -51.1  -81.1      2   0.00    290    112  351.7  351.7  351.7
  187.0  12305  -52.1  -83.1      1   0.00    285    119  356.9  356.9  356.9
  175.0  12734  -53.1  -85.1      1   0.00                362.1  362.1  362.1
Station information and sounding indices
                         Station identifier: YPPH
                             Station number: 94610
                           Observation time: 180610/0000
                           Station latitude: -31.93
                          Station longitude: 115.96
                          Station elevation: 20.0
                            Showalter index: 1.51
                               Lifted index: -0.94
    LIFT computed using virtual temperature: -1.22
                                SWEAT index: 252.42
                                    K index: 14.40
                         Cross totals index: 24.80
                      Vertical totals index: 25.70
                        Totals totals index: 50.50
      Convective Available Potential Energy: 396.40
             CAPE using virtual temperature: 470.83
                      Convective Inhibition: -8.05
             CINS using virtual temperature: -6.49
                           Equilibrum Level: 356.91
 Equilibrum Level using virtual temperature: 356.21
                   Level of Free Convection: 901.34
             LFCT using virtual temperature: 906.57
                     Bulk Richardson Number: 4.90
          Bulk Richardson Number using CAPV: 5.82
  Temp [K] of the Lifted Condensation Level: 285.43
Pres [hPa] of the Lifted Condensation Level: 947.34
     Mean mixed layer potential temperature: 289.89
              Mean mixed layer mixing ratio: 9.56
              1000 hPa to 500 hPa thickness: 5515.00
Precipitable water [mm] for entire sounding: 22.82
Description of the data columns or sounding indices.


Interested in graduate studies in atmospheric science? Check out our program at the University of Wyoming
Questions about the weather data provided by this site can be addressed to Larry Oolman (ldoolman@uwyo.edu)
